380
772381914 21
353367358 77
510206661 5
897511635 24
46868512 7
786404516 65
27529460 31
338440051 25
391083004 49
580694077 62
753895422 97
37367309 67
559676892 21
346185047 47
883372636 45
709764313 89
610038756 4
129241964 77
148288657 99
507654374 94
496474170 44
53484666 54
800862977 100
395715287 58
764555636 81
141569788 77
157179905 84
919762679 62
115265473 55
159734649 61
61202622 11
414375602 74
987744632 30
328516574 82
905409972 25
572675376 2
902629450 70
929991539 65
649100592 46
771936106 77
538652116 55
653405067 31
167218499 48
394538196 5
427719177 56
565676806 3
693382159 70
952866325 29
506496908 96
499076748 95
5147589 32
841395688 75
328338965 22
891610635 93
721993035 77
378520362 84
15702803 73
220761898 11
557503057 6
620814950 71
993003023 45
792404016 96
382602412 27
851165380 83
56216035 58
176254118 13
244417892 62
843529232 71
360818909 33
511045740 73
705182518 47
286373087 100
830902699 10
625803655 64
530917190 87
381285136 15
61000179 36
18116626 48
212025486 18
463792377 69
935945410 10
213179828 46
200857878 1
296812499 75
77220552 34
354137062 73
909784136 62
375978128 71
871274217 88
435313093 21
442572074 74
984265595 86
267049839 94
677112500 29
677010901 13
12004781 60
292365708 37
834332289 98
851605728 66
842772367 45
503920025 41
958843307 52
221116606 24
938466743 24
516360611 79
421018369 85
177294386 56
135334963 52
386846961 11
468049410 73
454385325 25
973172295 94
272323067 87
215118329 51
476602005 93
993662815 49
907118675 54
403283920 44
801752822 54
698901192 52
148614153 26
690995749 68
481199002 90
847618307 39
627136871 68
613858028 98
769856395 78
116673759 81
257425325 50
401484344 16
856176884 65
978909456 55
995722290 19
794413075 35
179333564 73
341274351 66
219862078 31
452473795 82
440017672 24
332946724 46
509109010 1
290049355 13
238737509 46
212130099 90
135342327 58
61804309 95
719030253 81
886246720 55
43953530 99
599503192 41
857891113 80
468552340 73
59674612 68
757481318 4
266661488 18
357420186 33
788306203 78
443531074 89
616913391 85
183216896 29
737927628 73
48296692 12
801594785 94
141113849 87
768111381 57
680750363 67
218797438 40
571777824 7
716956497 13
275775414 6
552780780 14
518876573 9
876615079 10
768529094 40
775946956 59
310079009 91
133114082 19
455714605 34
348637455 29
848161130 78
765146505 55
724916426 32
792079177 43
864841567 52
939673299 39
519721071 6
793726072 43
664150650 78
898131802 2
535422750 70
854545636 73
829887201 42
128193745 41
446355352 71
674799627 74
304657500 25
363121406 43
423375924 48
262433665 58
311886794 14
166135965 5
519799537 27
949554333 78
101642497 28
48881753 14
797860478 91
907379488 82
734506484 63
776077706 6
686783555 24
76243722 70
947692836 25
954199403 83
274121378 43
274459275 8
810488890 55
672046312 54
1109487 75
153783128 2
918967738 68
889237565 31
892940381 28
127293720 33
673855804 36
282621978 64
780714902 12
414272764 73
940154706 58
148276660 96
530739223 51
943126502 14
562300079 71
999805453 37
406881797 52
575924270 9
23370095 38
167062610 82
584250231 55
666504886 94
454814307 41
867134783 51
693474234 9
676283308 87
161766834 27
10736574 45
331426314 97
869750083 76
620919782 92
277998789 94
773134904 58
688558308 16
686126382 59
821184462 41
806695391 82
610364591 30
252572042 1
996090583 98
680690061 27
116413795 5
509501142 31
776727933 9
573608608 94
893936106 15
202515817 47
340524815 31
558626775 19
96584203 42
752638133 23
797785998 64
691645664 64
209528516 59
693743876 75
205946552 40
269579691 60
163647084 67
791672478 20
26904800 73
225821261 47
392205426 68
755980915 33
989546452 16
545597977 42
537126221 28
592100057 91
838072753 70
117350324 12
243610372 34
825357800 90
289080398 19
966255146 91
278225283 30
609391534 52
332296721 65
541432194 12
564265806 8
945164738 39
420210547 22
861859027 84
204876498 61
976533401 78
16180628 66
86025907 92
145584629 62
9088314 22
477514123 86
456384180 21
780189682 24
83762182 96
758237833 100
536732814 33
856932315 17
87607111 67
245584248 79
614358107 16
302725250 28
778587626 9
506930262 20
288449001 24
355044170 93
460633366 39
182547272 89
822908131 10
895016649 8
811063620 1
879858956 32
166305271 54
200239783 56
897052534 62
389110657 41
807173816 34
614467409 64
881981097 8
265095161 37
905945849 12
793558475 68
60307127 24
69762555 45
293162781 36
440570412 78
651183024 46
89114457 47
454515583 49
955756402 35
181014213 2
971663945 54
536890237 41
854239680 40
804131378 94
789272800 33
231884170 55
510893086 91
914078086 37
862533121 34
763694506 62
583507659 77
135647857 86
218456348 82
797322528 12
278373265 98
688859996 84
906059116 94
978318685 59
777689350 35
420155223 79
691270463 95
606372299 16
962388317 17
768808078 6
491891199 36
68283182 49
532726920 94
58200197 17
752120298 31
721063931 75
140303843 20
26978546 17
302312265 68
928712989 78
224508038 69
718575194 76