698
25925280 71
670608241 40
728098749 4
236242915 32
841492850 52
342138572 39
152394871 36
739107307 93
426134573 89
416889310 98
4686575 52
529970725 47
485274789 65
442568811 2
862711034 39
425991071 67
748391150 47
351385660 32
916556903 46
526341000 46
518920239 100
732954427 27
487422159 45
133620727 42
106034317 26
274818866 57
822819995 99
829721017 59
961483180 78
418049478 38
373677545 78
529517910 27
432893182 3
385230082 71
508542804 78
565194592 88
978489917 95
877333906 67
570733784 100
392622654 83
13958913 12
285096947 38
141513212 53
648817072 41
321364330 27
737723711 19
894560463 92
275205235 10
707830850 2
312834666 20
190102607 64
894954782 36
974669416 32
127865123 90
123799880 47
253396350 66
863728034 8
776707751 39
243745059 41
780822321 69
996591476 41
354674852 16
623762551 82
388866987 79
519054551 48
914940292 38
279697328 94
722552554 81
976898839 67
830299417 95
727128689 29
687888227 28
369994676 8
996611638 31
99090306 21
831835961 45
377579521 7
552377819 73
919814080 73
251190365 95
361263968 72
283249337 71
155668608 36
401118665 97
937576620 3
356548837 22
893874314 25
583822482 16
996445684 86
949777706 54
104060097 47
572265892 28
143608236 4
773227199 85
478798777 7
120124199 24
224395583 70
789310497 6
289318908 68
920940700 69
267509201 42
951355636 55
103269982 29
972818243 1
466136264 29
541840068 51
993705820 30
984528499 96
714996723 42
780601089 100
667756413 74
537557940 59
126187468 20
944111198 91
933529132 66
846526494 86
370223300 89
916306880 40
535432052 2
98914337 37
490473211 83
251608469 7
787331905 29
995762673 24
412597716 20
752165904 17
19972164 79
750392291 24
702910111 54
625397921 1
938160425 86
168338536 55
553214574 40
885528227 62
42411506 16
511052626 77
536208743 84
33327981 13
243831402 19
649098157 85
9555959 50
283323922 100
888694165 7
480776788 6
410847439 21
123087490 32
805268760 62
591932907 68
756457164 32
58607491 38
12463797 92
442389457 19
545876075 84
764948408 83
635986532 33
176548301 26
556581303 40
954618108 90
284574196 78
139218920 61
757035736 29
384397522 91
620039479 61
246828815 45
467800255 63
47418730 70
110802214 81
656919433 66
946649791 65
524959470 60
603020211 12
931919006 19
210680853 12
341229655 26
496141130 62
142378814 62
751215254 29
912707828 46
934546548 87
456902344 85
271181077 99
940510955 55
887990162 18
789458991 77
774115509 38
270289692 69
295393898 96
696681834 58
857893224 88
653300333 29
996735934 70
455814762 78
736223675 58
652312776 71
187687282 88
355655168 27
229334783 99
202427123 21
240543502 79
368474566 50
648517869 74
78192469 90
977424759 11
747801564 90
911765968 70
995589920 75
200337557 97
502084109 26
125111108 83
249834205 82
770815300 17
965009402 1
492780143 36
992278574 14
584199357 92
230559420 46
21164379 98
829128217 47
959886316 23
941868735 33
172637911 5
767574483 32
383138302 88
840014829 20
620391020 40
725218253 74
229663466 72
943407006 78
430069688 77
947091903 1
973491671 40
145755059 18
951886759 29
477331580 13
113892674 29
610079411 49
646083269 50
546538854 63
475900562 46
424237714 58
145640535 17
511428405 28
760340704 25
815635717 52
622837948 18
763134659 31
816401764 64
622231916 3
895960038 31
838957192 56
375068005 78
584543004 93
194402203 89
38812366 17
484658712 45
866630825 40
189029549 4
221862906 82
619780971 6
884903533 94
237693637 9
41344149 99
147040871 49
563561008 100
374474056 72
539783149 75
150769757 84
750844283 71
606305654 94
609484306 57
141210542 19
712662964 41
253778564 88
936942569 95
558322106 73
763957056 74
905232768 46
891365105 52
432070617 55
369168353 98
494962697 57
963058131 86
829095772 59
748275577 19
843861439 48
37296237 33
746872844 23
300525304 20
438966799 15
176325893 49
57835075 16
200988354 88
492316428 47
610639526 61
886557428 34
673676265 70
778531474 8
731335744 89
875107308 63
888368364 50
417317276 70
885395406 13
731036786 63
598668086 70
124752186 71
785336105 52
220939889 54
485312720 12
395183791 99
2505578 79
548190528 39
541186761 61
259310421 54
563639400 100
941330792 79
733755306 5
34830194 54
999698166 62
938021451 60
181311341 78
160104341 32
12806750 72
345052507 41
407529733 74
351413045 62
259409407 9
789098167 2
575643779 87
989645009 66
273201447 64
334439901 3
194941003 36
181035743 99
316050973 82
85965436 35
373170613 11
156769238 54
628608635 5
975808915 22
266865053 25
331650895 71
695358346 85
696742578 43
40051302 59
270915648 15
671679535 56
271716870 50
853406639 87
792657234 3
216004638 39
69100258 15
262455933 72
169603735 90
669016082 37
236384592 98
898398022 59
405919158 33
926257038 7
239750052 24
546638751 86
902054628 10
1834294 43
878212379 83
72992801 86
691924237 13
769856646 14
246934560 100
124152855 75
559140520 54
259172039 97
304793087 79
292953147 41
469644771 45
759018860 32
566415371 42
737878283 49
31507871 69
394563284 2
57984915 35
30173843 52
167546666 77
184108416 88
458562786 22
116305426 18
655326682 30
195808298 88
298464148 85
523308925 34
969262114 71
731669640 89
45127980 44
589449586 26
699144333 35
812114094 88
394638317 98
627592785 100
317113556 48
815921327 50
294732666 24
525298476 83
161282416 67
517226717 85
127644451 49
847333995 26
173251816 6
838654160 22
75970187 48
220164095 13
887077907 14
575295004 74
126457172 77
306159231 26
223625212 44
698174127 27
778008333 44
538786279 30
341920841 92
874339955 35
795258229 85
917963734 37
252662852 25
812296301 38
301867142 4
358452995 18
906850769 64
663612767 42
354712012 53
438576218 77
730010389 8
723426824 99
168032673 46
514169321 38
735910837 26
66204974 13
458501278 93
192970214 42
563845562 45
641081092 99
426865979 80
12629791 61
214493852 54
717332691 73
824732851 78
86383688 82
346617426 56
343044072 16
335038867 33
588081025 30
657001127 64
704945926 16
141302588 27
197231738 63
289691218 15
115522129 44
201655282 30
421647460 51
337601272 15
678320955 22
779229222 77
652004942 9
980348368 24
151206282 59
263497664 48
912164569 77
407446471 24
690584810 45
266083185 68
154256539 54
34808564 94
362043526 52
957785451 15
405361494 85
703668308 76
328865269 71
713348576 51
791503653 50
843580867 34
709550176 16
911635831 61
282114993 13
347536054 99
86127559 31
445095323 93
214436513 52
247576023 90
779605595 69
97138524 61
636352960 40
677348809 53
695205159 61
540443754 83
137659804 67
247042706 56
681594079 100
133548793 55
405611227 34
172944903 32
373792125 4
838377109 93
223072264 46
465587149 30
775811480 84
139283639 65
417443221 3
493729551 52
893926971 40
609099751 22
362876767 77
206409314 53
961295644 81
664855507 15
916478991 12
579712960 77
162158059 46
174719196 30
334517824 99
95680302 62
660823051 61
272260254 3
3302612 11
891462272 82
1210032 3
91370748 20
41559937 95
533388533 90
851064686 18
752683586 64
950496657 40
413810959 76
916154313 17
100605502 70
613697666 25
29836647 90
825874292 96
403805361 53
247651816 63
445551602 72
850924060 35
252597571 60
295222401 69
426219662 74
138020849 47
179281983 4
536123531 19
216136731 95
446245540 7
599181355 98
382872256 57
30992066 78
272554725 87
423815597 22
89363470 27
999686419 90
149811795 64
861126877 46
401941239 14
265176923 67
346409666 91
279551274 66
398345011 84
977118847 6
75238938 19
935915191 24
180821763 15
742276522 63
500087858 58
532204862 96
946004675 91
842936325 6
975297077 79
990645649 81
248740935 34
646101807 99
319243610 36
307947331 73
599272644 96
948050220 100
430859814 8
154006549 42
804764665 40
869531916 6
334353823 1
371441098 44
257002425 83
74123319 71
541920589 23
749809706 97
734350616 46
229993234 98
103298059 47
200197288 80
376658120 42
742778555 60
219832034 77
92793717 3
438004286 61
59695768 58
802182702 47
122145303 34
864164561 40
858429922 51
411255516 30
307261266 52
776762990 12
381233223 80
547153251 66
227460534 31
850411849 30
287988561 56
811097719 41
651668329 7
311110493 4
578108983 3
612383964 35
474988734 9
962126146 33
729158486 1
336501339 96
809319607 15
24597837 90
137075962 15
113285252 48
825986517 45
695529243 28
272246591 52
545915479 84
628214434 47
302018824 59
918243394 75
465504990 67
160928438 28
108549112 67
653957725 61
738082724 8
69820394 87
433471973 77
784673827 67
215212886 20
319819006 50
121062536 81
528919805 37
156289443 64
616938706 76
905316580 76
168966487 33
612918885 58
91569413 31
928364645 14
994683235 31
351813081 2
552278621 45
380267553 1
406476891 26
669267039 40
497601355 75
445177765 32
552330796 93
314977103 71
743075670 12
304936473 87
938975637 5
589317410 98
56603897 1
945500419 66
376213456 52
242467382 90
311390054 92
11669435 43
353518468 58
904663328 58
138895231 71
377646083 34
232752027 2
928002874 76
379012213 46
303532960 60
714801019 35
622209948 92
393384783 14
684809324 3
671693455 35
72621467 68
863976656 38
653511350 74
188375106 87
794690073 31
791113098 8
330445435 81
405652215 64
589414168 97
833452256 62
339377767 79
482045705 13
893603800 42
505957572 83
699253933 33
265976200 2
55877840 33