100
1000000 10
6 10
1000000 1
956853 6
999999 10
6 10
1000000 1
518036 9
999999 10
5 10
1000000 1
952850 6
999999 10
4 10
1000000 1
569391 10
999999 10
4 10
1000000 1
559859 10
999999 10
6 10
1000000 1
948763 7
999999 10
2 10
1000000 1
944731 8
999999 10
7 10
1000000 1
906884 5
999999 10
3 10
1000000 1
705025 6
999999 10
4 10
1000000 1
585555 9
999999 10
3 10
1000000 1
653830 6
999999 10
7 10
1000000 1
523318 8
999999 10
5 10
1000000 1
616305 10
999999 10
4 10
1000000 1
586244 9
999999 10
9 10
1000000 1
701612 8
999999 10
3 10
1000000 1
651325 6
999999 10
4 10
1000000 1
633175 6
999999 10
6 10
1000000 1
811072 8
999999 10
6 10
1000000 1
596547 8
999999 10
4 10
1000000 1
725263 7
999999 10
2 10
1000000 1
755284 10
999999 10
9 10
1000000 1
622116 8
999999 10
9 10
1000000 1
547146 9
999999 10
7 10
1000000 1
680722 10
999999 10
9 10
1000000 1
702158 10