1000
1000000000 100
7 100
1000000000 1
777434710 57
999999999 100
1 100
1000000000 1
616564928 84
999999999 100
3 100
1000000000 1
908826001 92
999999999 100
4 100
1000000000 1
891363711 86
999999999 100
8 100
1000000000 1
933563160 59
999999999 100
9 100
1000000000 1
903608543 88
999999999 100
5 100
1000000000 1
952576481 84
999999999 100
3 100
1000000000 1
892266272 51
999999999 100
1 100
1000000000 1
779088336 85
999999999 100
4 100
1000000000 1
676587850 75
999999999 100
3 100
1000000000 1
832332784 83
999999999 100
3 100
1000000000 1
637444504 54
999999999 100
4 100
1000000000 1
769234494 53
999999999 100
3 100
1000000000 1
878960344 50
999999999 100
3 100
1000000000 1
604867483 67
999999999 100
7 100
1000000000 1
864033738 99
999999999 100
1 100
1000000000 1
979953496 61
999999999 100
1 100
1000000000 1
584733557 56
999999999 100
1 100
1000000000 1
990794310 62
999999999 100
2 100
1000000000 1
795382165 69
999999999 100
7 100
1000000000 1
581923116 67
999999999 100
2 100
1000000000 1
875790858 51
999999999 100
3 100
1000000000 1
636528321 69
999999999 100
2 100
1000000000 1
671114251 86
999999999 100
8 100
1000000000 1
952247133 86
999999999 100
5 100
1000000000 1
807194022 66
999999999 100
3 100
1000000000 1
672998704 69
999999999 100
2 100
1000000000 1
648333569 53
999999999 100
2 100
1000000000 1
500855712 73
999999999 100
9 100
1000000000 1
957856835 85
999999999 100
9 100
1000000000 1
561099086 85
999999999 100
8 100
1000000000 1
882408090 80
999999999 100
2 100
1000000000 1
778414089 87
999999999 100
7 100
1000000000 1
666998557 73
999999999 100
8 100
1000000000 1
987394166 62
999999999 100
4 100
1000000000 1
583206479 94
999999999 100
8 100
1000000000 1
650224222 68
999999999 100
8 100
1000000000 1
770424134 64
999999999 100
4 100
1000000000 1
963345429 57
999999999 100
9 100
1000000000 1
793180891 65
999999999 100
2 100
1000000000 1
936463284 93
999999999 100
2 100
1000000000 1
620129203 54
999999999 100
9 100
1000000000 1
711172441 74
999999999 100
7 100
1000000000 1
666154467 64
999999999 100
3 100
1000000000 1
740770994 63
999999999 100
8 100
1000000000 1
954050275 100
999999999 100
6 100
1000000000 1
847085497 70
999999999 100
1 100
1000000000 1
878167832 76
999999999 100
2 100
1000000000 1
779476303 64
999999999 100
5 100
1000000000 1
604885519 50
999999999 100
2 100
1000000000 1
852609812 93
999999999 100
7 100
1000000000 1
575655011 52
999999999 100
2 100
1000000000 1
781657173 80
999999999 100
2 100
1000000000 1
810899613 96
999999999 100
2 100
1000000000 1
709363120 78
999999999 100
2 100
1000000000 1
669162569 73
999999999 100
4 100
1000000000 1
525659642 90
999999999 100
5 100
1000000000 1
817117962 92
999999999 100
7 100
1000000000 1
686720688 75
999999999 100
8 100
1000000000 1
998764700 88
999999999 100
9 100
1000000000 1
954412807 70
999999999 100
1 100
1000000000 1
976104879 95
999999999 100
8 100
1000000000 1
587299348 56
999999999 100
2 100
1000000000 1
997041663 81
999999999 100
8 100
1000000000 1
919077018 86
999999999 100
4 100
1000000000 1
775858789 79
999999999 100
6 100
1000000000 1
875835945 84
999999999 100
3 100
1000000000 1
655608943 84
999999999 100
8 100
1000000000 1
970680015 100
999999999 100
1 100
1000000000 1
715015064 99
999999999 100
2 100
1000000000 1
864642943 53
999999999 100
1 100
1000000000 1
586520793 82
999999999 100
2 100
1000000000 1
870640383 77
999999999 100
5 100
1000000000 1
764221806 84
999999999 100
1 100
1000000000 1
862827491 50
999999999 100
5 100
1000000000 1
602127911 93
999999999 100
3 100
1000000000 1
513101245 53
999999999 100
8 100
1000000000 1
629187834 74
999999999 100
1 100
1000000000 1
617361767 89
999999999 100
4 100
1000000000 1
701980544 90
999999999 100
3 100
1000000000 1
982025456 95
999999999 100
1 100
1000000000 1
574537710 57
999999999 100
7 100
1000000000 1
837436027 75
999999999 100
5 100
1000000000 1
906635630 57
999999999 100
3 100
1000000000 1
830222655 74
999999999 100
5 100
1000000000 1
813709603 84
999999999 100
7 100
1000000000 1
568432128 89
999999999 100
5 100
1000000000 1
845910281 66
999999999 100
9 100
1000000000 1
660982491 96
999999999 100
5 100
1000000000 1
839703803 54
999999999 100
2 100
1000000000 1
930656985 97
999999999 100
2 100
1000000000 1
872318170 92
999999999 100
9 100
1000000000 1
718343633 82
999999999 100
8 100
1000000000 1
681950630 65
999999999 100
8 100
1000000000 1
947411775 73
999999999 100
9 100
1000000000 1
671716545 95
999999999 100
1 100
1000000000 1
876571801 100
999999999 100
2 100
1000000000 1
959917063 73
999999999 100
3 100
1000000000 1
964117162 96
999999999 100
8 100
1000000000 1
899872954 68
999999999 100
5 100
1000000000 1
507569395 65
999999999 100
4 100
1000000000 1
608180416 72
999999999 100
8 100
1000000000 1
927993753 84
999999999 100
5 100
1000000000 1
782838242 69
999999999 100
7 100
1000000000 1
783884367 62
999999999 100
9 100
1000000000 1
617517051 69
999999999 100
3 100
1000000000 1
825432564 53
999999999 100
2 100
1000000000 1
656854695 57
999999999 100
7 100
1000000000 1
691559003 71
999999999 100
8 100
1000000000 1
948104656 87
999999999 100
2 100
1000000000 1
807474875 71
999999999 100
3 100
1000000000 1
697182646 57
999999999 100
1 100
1000000000 1
570505222 80
999999999 100
9 100
1000000000 1
685344517 55
999999999 100
2 100
1000000000 1
966145169 57
999999999 100
9 100
1000000000 1
886595785 74
999999999 100
2 100
1000000000 1
705200405 51
999999999 100
3 100
1000000000 1
862067842 56
999999999 100
6 100
1000000000 1
828908519 78
999999999 100
8 100
1000000000 1
526845989 64
999999999 100
1 100
1000000000 1
844665739 82
999999999 100
4 100
1000000000 1
743407836 66
999999999 100
7 100
1000000000 1
547168178 88
999999999 100
5 100
1000000000 1
933708363 88
999999999 100
3 100
1000000000 1
555560935 99
999999999 100
4 100
1000000000 1
510221802 78
999999999 100
3 100
1000000000 1
795578872 51
999999999 100
5 100
1000000000 1
881823576 80
999999999 100
2 100
1000000000 1
540085732 57
999999999 100
3 100
1000000000 1
528066428 85
999999999 100
2 100
1000000000 1
672652440 73
999999999 100
7 100
1000000000 1
783037083 59
999999999 100
9 100
1000000000 1
722953029 68
999999999 100
7 100
1000000000 1
695385798 78
999999999 100
8 100
1000000000 1
787048121 64
999999999 100
5 100
1000000000 1
649519385 67
999999999 100
8 100
1000000000 1
748753603 57
999999999 100
4 100
1000000000 1
762803777 54
999999999 100
8 100
1000000000 1
841763653 79
999999999 100
8 100
1000000000 1
946299531 99
999999999 100
3 100
1000000000 1
509130516 56
999999999 100
7 100
1000000000 1
605855032 71
999999999 100
4 100
1000000000 1
978641646 70
999999999 100
7 100
1000000000 1
864044994 60
999999999 100
3 100
1000000000 1
985932521 71
999999999 100
2 100
1000000000 1
600550071 62
999999999 100
1 100
1000000000 1
559797882 91
999999999 100
9 100
1000000000 1
939113115 66
999999999 100
8 100
1000000000 1
544791220 94
999999999 100
4 100
1000000000 1
654736524 81
999999999 100
4 100
1000000000 1
763147041 75
999999999 100
8 100
1000000000 1
887446696 60
999999999 100
7 100
1000000000 1
578595160 77
999999999 100
7 100
1000000000 1
687408838 76
999999999 100
1 100
1000000000 1
917764586 72
999999999 100
6 100
1000000000 1
773057381 63
999999999 100
1 100
1000000000 1
927107691 54
999999999 100
5 100
1000000000 1
959883011 79
999999999 100
2 100
1000000000 1
618609989 75
999999999 100
3 100
1000000000 1
520767202 63
999999999 100
9 100
1000000000 1
881952275 64
999999999 100
9 100
1000000000 1
536040413 98
999999999 100
9 100
1000000000 1
719012587 71
999999999 100
7 100
1000000000 1
863610195 68
999999999 100
4 100
1000000000 1
532268032 79
999999999 100
9 100
1000000000 1
682066533 87
999999999 100
2 100
1000000000 1
597404412 67
999999999 100
1 100
1000000000 1
577196537 73
999999999 100
8 100
1000000000 1
508071085 58
999999999 100
7 100
1000000000 1
592530057 70
999999999 100
5 100
1000000000 1
927509050 54
999999999 100
2 100
1000000000 1
661859110 62
999999999 100
7 100
1000000000 1
530957200 62
999999999 100
6 100
1000000000 1
553899376 93
999999999 100
1 100
1000000000 1
860714584 66
999999999 100
7 100
1000000000 1
763141747 54
999999999 100
9 100
1000000000 1
540298620 72
999999999 100
6 100
1000000000 1
733019906 67
999999999 100
5 100
1000000000 1
910183004 79
999999999 100
4 100
1000000000 1
641449364 63
999999999 100
5 100
1000000000 1
857286657 63
999999999 100
5 100
1000000000 1
796036988 64
999999999 100
3 100
1000000000 1
579249357 55
999999999 100
9 100
1000000000 1
974742174 91
999999999 100
3 100
1000000000 1
718633857 59
999999999 100
2 100
1000000000 1
788252308 57
999999999 100
2 100
1000000000 1
781612568 74
999999999 100
7 100
1000000000 1
590297815 76
999999999 100
4 100
1000000000 1
792115099 78
999999999 100
4 100
1000000000 1
789639470 70
999999999 100
2 100
1000000000 1
942187220 95
999999999 100
4 100
1000000000 1
951366853 54
999999999 100
2 100
1000000000 1
894517651 91
999999999 100
8 100
1000000000 1
505212982 82
999999999 100
7 100
1000000000 1
789926631 62
999999999 100
6 100
1000000000 1
547684077 66
999999999 100
1 100
1000000000 1
656759989 97
999999999 100
5 100
1000000000 1
850711873 94
999999999 100
1 100
1000000000 1
615773564 54
999999999 100
1 100
1000000000 1
947589747 98
999999999 100
1 100
1000000000 1
766676331 73
999999999 100
4 100
1000000000 1
596084973 54
999999999 100
6 100
1000000000 1
544779356 88
999999999 100
2 100
1000000000 1
819792286 97
999999999 100
3 100
1000000000 1
934810669 58
999999999 100
8 100
1000000000 1
725509024 93
999999999 100
1 100
1000000000 1
928807033 84
999999999 100
9 100
1000000000 1
605326613 53
999999999 100
9 100
1000000000 1
524696158 100
999999999 100
2 100
1000000000 1
594590649 73
999999999 100
9 100
1000000000 1
799083306 88
999999999 100
5 100
1000000000 1
836139874 66
999999999 100
4 100
1000000000 1
587931202 71
999999999 100
6 100
1000000000 1
897413256 94
999999999 100
3 100
1000000000 1
825406940 82
999999999 100
8 100
1000000000 1
988927032 72
999999999 100
4 100
1000000000 1
931672542 94
999999999 100
7 100
1000000000 1
535685368 89
999999999 100
6 100
1000000000 1
864053679 53
999999999 100
7 100
1000000000 1
752366277 58
999999999 100
8 100
1000000000 1
517256963 65
999999999 100
8 100
1000000000 1
900350619 54
999999999 100
9 100
1000000000 1
537896411 96
999999999 100
1 100
1000000000 1
937703622 62
999999999 100
8 100
1000000000 1
657700047 64
999999999 100
7 100
1000000000 1
728735115 54
999999999 100
9 100
1000000000 1
610379912 67
999999999 100
1 100
1000000000 1
737634491 90
999999999 100
2 100
1000000000 1
628791629 70
999999999 100
9 100
1000000000 1
841378086 99
999999999 100
2 100
1000000000 1
761009062 78
999999999 100
1 100
1000000000 1
708623168 83
999999999 100
4 100
1000000000 1
886227414 89
999999999 100
8 100
1000000000 1
638005999 59
999999999 100
3 100
1000000000 1
975172304 80
999999999 100
9 100
1000000000 1
688353219 85
999999999 100
2 100
1000000000 1
823118080 72
999999999 100
4 100
1000000000 1
590271009 97
999999999 100
4 100
1000000000 1
949343432 92
999999999 100
2 100
1000000000 1
524094323 78
999999999 100
7 100
1000000000 1
845808186 53
999999999 100
3 100
1000000000 1
569395489 66
999999999 100
4 100
1000000000 1
904594902 89
999999999 100
1 100
1000000000 1
797159702 72
999999999 100
9 100
1000000000 1
865285962 84
999999999 100
3 100
1000000000 1
642975216 81
999999999 100
9 100
1000000000 1
703047154 58
999999999 100
4 100
1000000000 1
669340554 96
999999999 100
9 100
1000000000 1
793366479 53
999999999 100
3 100
1000000000 1
966091971 88