319
826986023 10
602549221 41
871815724 7
789043051 26
405693507 56
617320691 34
715148871 77
999602351 3
998385518 73
91631398 69
496880292 46
166713246 43
671903493 71
554922074 33
191419294 93
329666105 94
146111587 10
330605375 59
846198468 42
766367472 71
64002508 67
463618784 96
416334923 64
317040234 29
167945438 94
294796187 58
264351667 66
663925815 47
859157471 83
357072382 36
203719788 25
193073030 43
282763666 76
98684862 4
786696705 87
476641903 4
676160925 53
814163657 45
863088950 69
402473623 43
107368176 1
864978139 90
224844514 80
294317228 39
183158401 70
926052485 20
170535667 43
412041501 87
179904225 61
307525747 65
444138620 12
319507771 44
281707821 3
151881911 60
593504362 97
273636936 33
594167946 73
33555784 72
981318273 22
863546001 41
972387410 68
212614236 18
625215778 21
744413022 22
500651659 89
691712251 75
91370720 65
175963426 85
161444193 28
74662791 12
629034603 95
540139294 26
401114272 31
680431863 45
256225375 68
581728645 47
480854955 26
756359833 2
677623455 20
179301049 93
150720467 34
12769662 91
484751704 33
513836837 43
531023460 79
197038921 74
631757569 9
311090601 61
291424656 69
309505404 56
619425301 19
13849385 63
393951522 27
82289840 62
289286418 27
34386286 15
670232652 43
520387041 71
486980851 96
971540779 36
292514823 29
563056691 1
888813419 38
958765990 62
621115195 86
283958205 53
656538551 16
700692631 36
204799225 74
974404978 97
349802706 76
120152358 75
630618466 30
651064022 44
698548384 37
621293594 94
448768181 46
55190799 72
480805734 78
493970451 76
40799656 21
249421899 42
836737067 73
45417348 9
299759721 90
410730635 59
574526305 80
625082561 16
548484675 17
664652948 17
378524448 70
582767309 55
344422357 52
944097556 60
939911316 39
764775988 68
647915156 67
322339372 80
279994032 7
672673619 8
292771702 15
418983330 93
210941781 59
758773509 76
255112910 5
61455644 30
421258272 24
475330656 65
195264632 37
407584876 82
277449746 99
718178610 41
642657967 4
638490778 78
368950800 47
259464449 76
293979983 66
73226804 53
140349557 87
176419806 85
332577729 66
219358110 82
550090902 41
390639639 2
931299013 46
784070649 11
264264621 4
656189115 1
134540195 87
195772186 22
541355140 22
390386620 1
259245086 44
987136707 54
481979091 55
274200329 34
753915524 52
220441947 28
798601846 95
790977331 13
156219618 70
306147419 75
139553096 65
948530065 96
654858058 60
772242385 46
232730246 83
3431482 49
816610675 2
440012821 43
662277521 76
813137943 28
500797001 99
865938218 8
361228286 8
441247671 21
606098950 79
387377028 40
156981443 7
443951743 17
966290217 92
529976764 22
424129299 100
336435572 13
545810828 31
345091211 45
848246450 89
550699697 46
677124402 56
830239787 33
910735013 50
311314608 82
461543559 81
670738359 43
867479932 36
812425441 81
538014193 44
550014199 45
69923873 84
74672759 80
827502377 49
496960549 92
34336323 11
952293437 3
1490554 60
845320525 76
292798999 94
477899588 4
499129957 55
688417739 61
346074637 13
365166189 81
844870102 86
806644149 66
268166669 59
888633163 63
265258052 27
566814152 57
160130300 26
669853197 85
705799444 39
55476496 57
970456499 57
85178388 88
437121320 4
499181767 67
450675123 93
194647885 8
924434413 83
547087221 6
83802104 21
353557451 4
952146321 34
516619466 88
292310808 78
726156948 63
706659861 14
962198702 42
890109655 85
635626486 30
537898403 100
119712633 34
177400232 30
297189788 48
689175893 52
656253446 95
859391748 56
562103004 40
336572228 95
540750194 56
31207254 17
235165516 45
512956071 83
738002387 3
304416672 30
351127947 81
817942112 64
249433954 11
24184739 6
93948213 45
369641148 55
355574609 72
300368894 45
460427625 89
876752112 15
358374200 86
883953070 92
850903111 96
120916559 86
640217046 85
843213417 60
905804395 37
812476850 37
230952455 93
645458857 68
471941118 53
928184169 52
145007206 77
718342591 50
15261954 37
129919540 62
428312505 91
226383611 98
995973787 26
778527546 13
906246980 39
922847470 51
978120405 88
291085210 2
830510708 50
222560953 93
788556193 36
378158441 100
203957972 15
797333861 34
279638732 74
162805842 50
921296910 59
130397782 100