166
773425857 38
698628087 6
283984933 90
670388744 54
871927150 28
98605213 89
394348453 26
315934982 38
3359985 85
942363240 31
934611886 77
861433547 34
494217195 44
8754650 9
608342167 41
812441648 89
914667087 25
203244817 25
493550757 100
47232726 98
659732353 42
361929534 63
332314252 8
359388541 28
67803185 53
112621045 39
619929217 99
370950532 15
283939863 4
880952686 37
703991001 41
740580018 97
242351736 83
145775798 28
221251505 26
585428730 74
433613190 100
272803649 82
915644355 21
569668126 50
150332789 88
616989268 69
369773620 32
140784015 25
760666107 38
142081199 99
373658629 39
91937629 85
616584804 75
670522697 48
804664671 10
498521477 52
800282746 5
992689604 14
405666904 74
512555193 39
196128769 46
446317526 53
549122894 50
115389722 76
515738953 75
214597186 81
471463216 73
548364180 6
832742086 41
648031657 38
679492571 20
3091342 41
488302984 21
953780735 68
304360776 6
243543284 65
89206448 38
79769746 96
245332103 21
510906959 54
468262872 18
880745020 74
959681743 13
397978251 71
676657176 15
304279090 82
961747068 77
631412787 58
165017348 51
837031102 89
474006846 90
468605592 82
499087277 3
910680030 35
715072218 59
935280625 22
467058159 64
325683777 51
725085337 9
149319801 74
227150701 16
482800106 18
325408804 16
700724560 53
624879958 100
830919899 22
145533666 8
352764019 15
225198579 30
597581031 42
799539032 85
538138211 66
201065677 75
737281466 77
975387149 37
335102805 10
521550693 99
891462047 73
353085242 53
717336556 50
721895574 46
768673998 9
885684768 82
874233982 14
77524537 29
721909953 34
915154910 33
633572542 86
514832224 97
659234536 54
526192941 1
912382631 62
609389236 78
866000028 39
752027740 86
702772219 85
665752740 83
497351194 41
803924953 44
170577979 80
61239717 71
32112199 74
101292989 71
547889936 17
102214339 85
318691799 62
718302437 99
518401223 74
504069865 82
564483205 93
712130667 58
469968771 76
143966395 35
245484430 24
853137698 49
341460868 17
900373027 79
354925186 86
118032825 2
386280484 43
241652447 47
367982599 3
840907534 78
209744323 13
393364473 86
92758908 55
393196530 11
89432920 98
955335963 83
102474391 65