100
1000000 10
5 10
1000000 1
749804 10
999999 10
8 10
1000000 1
617970 5
999999 10
9 10
1000000 1
573485 10
999999 10
1 10
1000000 1
651000 8
999999 10
4 10
1000000 1
607131 7
999999 10
3 10
1000000 1
800184 10
999999 10
5 10
1000000 1
721743 7
999999 10
6 10
1000000 1
762560 6
999999 10
2 10
1000000 1
752191 5
999999 10
2 10
1000000 1
677371 8
999999 10
4 10
1000000 1
703147 5
999999 10
8 10
1000000 1
788821 5
999999 10
3 10
1000000 1
593215 5
999999 10
5 10
1000000 1
909142 10
999999 10
3 10
1000000 1
775591 10
999999 10
1 10
1000000 1
666000 8
999999 10
7 10
1000000 1
626134 5
999999 10
5 10
1000000 1
598499 10
999999 10
8 10
1000000 1
500591 6
999999 10
7 10
1000000 1
896826 10
999999 10
5 10
1000000 1
740039 8
999999 10
1 10
1000000 1
795389 5
999999 10
2 10
1000000 1
586125 10
999999 10
1 10
1000000 1
526723 9
999999 10
4 10
1000000 1
883573 8