611
404101848 2
371517171 30
549216964 97
118127707 53
799090576 64
730829200 1
802212679 78
933261134 43
738468122 38
348549158 84
699274815 1
350640602 35
700128949 86
74056482 93
544343634 11
458336478 54
60718046 97
324532489 71
613816222 13
34780399 50
503159582 92
985278627 16
212476170 2
512566596 7
481167100 68
915013313 5
233791486 54
989120753 57
334528046 79
752229944 70
242940314 59
543480484 72
440971668 63
892286098 23
545314604 13
50404751 61
821934698 4
947109545 72
910292805 80
639831367 33
46427349 55
776959749 87
687276751 92
341532691 94
710035866 5
124573546 6
964500143 99
419047754 47
927912065 92
399359815 35
951720101 35
593785041 71
89525443 10
484695474 49
386443452 52
458848859 43
726755146 43
401507203 100
273024304 68
549069140 13
239458490 61
518227542 34
458414633 80
892081691 18
283504397 13
595245898 5
955659270 25
327919241 1
813760816 47
894635687 30
936262676 80
942832134 27
322348739 62
119058951 64
843926295 30
642823925 22
138787142 40
452354130 2
841079963 65
592891668 83
901607305 85
542817483 81
293879793 71
849547798 79
356165966 91
21863532 92
344106003 61
913009120 73
581924025 61
378259048 52
465888964 37
361414753 41
175662254 31
951563521 40
320564149 87
410035465 32
347723615 34
722381184 44
269738578 18
540629675 2
528835733 95
825484876 97
890310649 15
858001776 59
712865160 5
154642120 71
664170499 74
521442517 69
326918195 89
890536159 20
740519221 46
605717584 58
83804270 21
169495459 49
215052023 12
552286008 91
945619525 36
971038456 82
53532890 83
910005674 90
8192766 68
315388773 75
262903809 49
653618047 41
215248197 96
148195376 73
347444299 53
565333036 50
189781599 12
303269416 31
356014900 58
96533172 5
642235627 64
710848549 98
362804498 80
118673432 23
548653574 95
490658828 87
193111650 84
345347697 50
548879929 38
386595626 69
481963339 79
221349977 61
445066168 27
814568666 38
109002626 32
792162602 22
783840386 23
867910177 74
893117950 23
597343943 59
748012646 13
215199873 18
48396394 27
52964480 55
574431632 26
571632207 36
106520155 74
48352362 38
959521783 65
888852802 84
740553255 69
51274918 66
373916948 98
523580158 77
379666454 90
141361425 70
664317244 27
522204149 36
166853122 71
575652327 35
252044711 9
761845967 9
228981441 88
631920555 62
419304885 37
23104256 18
737991107 26
658418700 18
796643302 29
653497861 2
755122898 29
977208696 84
825641483 62
356616598 68
35608930 56
835974724 15
272342163 93
691527622 4
934834045 100
900539563 14
576576292 38
783787537 90
977255971 83
524849405 3
437028647 2
295244123 15
985815296 75
759107015 12
558567989 50
76691470 85
59033746 53
280795368 31
934222894 51
104538139 25
466842070 45
510806329 71
719999961 33
92953304 42
56748560 61
21753980 83
877430470 1
419134814 56
839057251 51
86690727 34
34122973 17
497772497 53
391531972 100
694288176 17
238430289 68
834362594 60
799849247 53
627050689 13
452496118 54
332148576 7
946972654 66
383637449 60
970442476 41
325040589 21
319814629 34
527436320 59
344901697 83
527211053 59
675107013 92
708719476 4
45650293 55
838145162 10
212999994 29
630864852 98
244710929 35
501791096 99
572084136 28
662951587 56
790782287 85
406546178 71
154837469 72
709223606 56
815702919 78
995103716 71
691125752 48
827340075 43
910978213 61
326468502 52
822844589 49
432774686 76
142672723 91
157238598 84
56203073 56
545696844 96
844668815 36
884627500 96
708314621 55
219971661 56
105494877 21
744997048 49
629362694 36
757564944 95
332054455 47
589249455 43
34874895 78
927287210 36
779704731 25
930280245 80
658048316 59
473935783 73
760274101 71
932937984 53
147405479 4
782875068 2
573980264 86
845688712 1
931320330 87
37661828 54
848189551 72
57433269 63
594295796 91
854718828 55
401584953 28
868409292 91
660818430 100
711621841 52
505816392 94
87865450 40
583136429 57
863855915 57
477493190 12
966622765 52
108621713 4
994970412 63
852287131 82
398392644 99
605632121 88
870690607 3
89583606 55
140844508 79
116558349 10
361070406 100
927093750 43
613611352 24
683016487 2
507727421 24
338582750 67
367507945 42
578172290 99
864322318 96
922604721 100
889408340 13
827892805 93
879721239 73
561898896 45
323999203 84
59390876 40
30158813 65
286833226 58
100253301 12
70946593 17
738973851 30
402397885 11
12194937 51
676421434 39
331672099 38
257143990 33
75093819 92
891656097 91
945046093 24
202358361 54
130568974 13
988660072 84
17742775 36
936821849 1
570186884 95
718176476 78
400186016 92
270678979 52
360517306 69
696545444 85
549073436 37
907618647 43
390969281 92
671617628 15
610966549 55
173056727 98
541395578 2
590026324 64
129021153 49
583393237 50
372240478 23
948691748 77
713479306 27
453101772 56
690279496 49
163175064 73
470485584 61
116486028 38
929259432 75
528806552 14
325177888 70
461869521 92
535214591 78
47728109 98
735723422 60
2227863 85
264900773 35
183788166 23
945334815 38
902679551 28
329699095 76
8803231 16
224432882 95
802131838 63
54587753 30
809160323 98
450738388 66
369588238 37
5745199 63
765612971 57
798285115 95
382630395 71
14250522 68
460576522 35
563397293 26
235817099 79
780477302 11
610269440 18
42781698 22
388301436 75
231384461 61
178511544 7
556567386 98
736461790 66
491205490 44
565972729 6
712368924 70
724362375 34
651325368 84
954818694 29
978302530 29
897775411 61
202143237 54
577899675 32
228511684 67
837632613 79
895817714 42
380209813 23
332647353 62
620187665 76
4997292 58
876767171 11
813869699 64
866366831 30
872231916 25
623197914 43
810631833 54
667840485 99
735594234 40
908850468 44
627812621 69
411479502 63
862437964 93
3606467 75
694020244 7
59075492 29
669044061 17
803240675 1
437175922 99
785117581 28
287356019 85
384047358 3
527721941 8
111017655 10
757047983 21
9296815 45
450641054 10
482619890 2
147426896 29
656054636 11
930686001 26
258815795 35
590681809 47
597526287 37
723732326 62
778763584 98
657593032 65
22971145 40
771115685 34
913970351 47
627354695 21
367003436 6
748364439 67
602088108 76
692479830 57
191869074 96
166809244 55
744478581 51
278554774 30
145505908 56
741195529 45
863670941 11
549051390 33
461492421 74
553316206 29
988864606 87
978742804 18
649450555 31
736743436 83
607680827 35
304586168 36
737025447 95
175021465 88
754267188 99
130433834 69
715239733 31
754149515 83
763920902 65
828454201 25
679833233 75
616672070 72
289879075 93
740323100 30
423291847 74
401031588 28
949402672 54
948968979 10
368473750 13
389093350 19
543135602 64
748394743 67
901068813 33
103492668 36
982433884 74
857619402 60
308197171 91
634731005 65
801184084 81
767232601 4
682487593 52
242764748 95
49098153 42
162988950 82
983425384 53
489733404 36
542702904 50
207579056 65
223327583 71
318912026 72
329229120 18
109179044 22
647512433 22
278711729 29
196725128 10
448894424 19
870551572 72
221390907 51
374931814 32
912620915 52
777628084 44
557758252 90
694353580 44
753956556 39
688452527 34
851310491 40
23340718 99
315630423 65
384943919 48
315857963 20
461669964 30
909949425 44
71804116 47
503701646 100
327510729 82
552948894 73
494080600 10
775537922 59
865997334 78
471849984 76
686633978 48
585834413 49
982613053 5
672269196 11
727463466 24
108421603 27
391853092 93
453039098 58
202886220 64
975612113 8
290018058 96
640402118 54
324169083 29
125713408 88
834924298 10
344479394 28
918615995 32
246514245 9
535799765 82
236481793 37
475761934 82
714737395 18
495220948 7
595232310 9
565774853 43
121934167 58
749360510 33
148306423 49
152328566 10
604844986 31
397361692 11
972852275 54
808625482 32
521944980 33
611889463 90
966139783 7
7785364 81
384281900 52
720302148 36
449882858 48
529381329 66
677344036 50
481955149 21
483211164 1
651034219 71
489328682 81
24982332 54
931485694 50
200898127 28
266416576 31
157146299 82
988472298 43
702533280 65
213707953 10
123971839 45
905330782 76
346805129 49
624032754 16
64916115 6
721481303 2
938685911 84
871372044 36
180597352 84
618545739 72
322274866 47