188
559369622 19
671546974 81
603819909 29
166293212 82
183236402 54
832580994 34
626777955 39
705117023 80
392074698 23
849968138 47
832539744 44
570965870 13
505457856 6
328161526 98
773456712 23
770945307 60
957389986 49
100332296 96
138547618 78
652493348 74
84224496 87
690439110 39
405379519 93
448494643 78
998099045 99
137762297 21
892672640 54
696387911 7
570940993 71
55157736 48
674568453 72
657940130 52
531845359 22
110236747 13
643650076 78
875228880 21
129387736 95
291801060 82
426098595 31
516171377 19
253033581 68
517169541 29
527260889 93
498473747 77
846063272 92
655659137 86
797760655 82
251479224 84
942406737 94
41465432 61
871463280 50
653023014 97
733646765 76
838280356 53
478307545 9
275081649 41
496045998 46
182088350 70
781823657 34
694041933 13
540863060 30
150520288 98
355756601 81
345330989 24
982039568 72
960934417 98
612963982 55
115094068 19
774892364 10
201778988 98
4134221 79
260764322 97
142688596 7
913344234 5
657940100 46
182198156 30
811477438 99
180526603 75
614069605 55
999228821 27
871241179 88
678822508 68
579382284 14
725579452 6
167271867 17
115039637 52
453953848 33
299683698 80
160645079 60
434960404 35
51598284 34
258369087 99
589701444 12
459129050 42
333374896 7
443662821 2
221415733 75
209715687 21
83899753 49
905740043 79
599005712 22
13313559 34
781774124 44
378255033 22
162412697 30
602452867 93
157091603 42
874892851 10
69309242 2
826700706 37
942195903 55
637325940 96
106797030 35
846157528 86
346730280 68
261646215 37
156865049 37
442051692 78
83060764 86
710223880 4
374404980 36
695188459 39
69373262 72
8756937 81
429711605 25
943363151 58
910593931 74
556634167 94
253293770 45
816456128 81
301458085 37
618913368 13
666744455 27
623925917 61
870471881 98
72120558 59
967183009 90
841806152 82
202945520 38
462834088 83
540391557 27
378119216 41
469892086 91
566157352 92
976981343 90
974947529 11
137562436 66
252405710 78
55563437 84
747352280 32
320254418 22
128392083 30
899135888 91
759968223 33
181400958 46
744761576 99
753932259 50
838910122 31
838455696 82
585033901 67
472626802 17
728077282 83
416025367 65
197022294 42
813371084 9
300738208 78
851838173 70
746806721 90
466093235 20
770810661 90
448064426 66
230698590 89
677202354 44
134258007 12
353540579 44
185865576 80
702248437 36
109375252 26
23274754 74
740351093 15
91842711 7
658159897 26
790942385 9
194109397 97
202528918 68
626985034 74
989754475 59
457922500 79