673
76152316 5
465519044 50
879302283 84
149815257 56
479633563 75
606664987 36
414155177 34
486722674 62
788772041 80
246030602 53
907911287 94
520971535 25
978175840 36
969234015 17
728618326 27
556272909 76
570063832 10
868176284 57
400615555 49
343323200 9
399076915 43
167360045 28
439494131 60
358907419 19
961646723 11
175813042 75
296878913 51
731508053 40
95221335 88
194064847 33
825299872 39
605174231 100
913511254 30
723309987 16
104765180 8
474205447 14
803924736 31
502653803 4
476582546 96
443723102 12
47503410 38
952743153 13
907483719 77
537581139 53
280563894 86
479365958 1
361509227 30
810735265 58
286029015 84
823070213 26
832402454 21
731540860 60
983860507 44
311735714 11
931436061 75
888859778 56
594284189 28
79309255 26
749731018 2
415765337 3
884421725 75
794626312 35
364345721 78
117711516 70
68974821 22
93169622 74
839797692 99
771486732 10
114058941 47
332887264 85
666133938 99
350984671 45
901118066 62
648219806 10
643059776 59
461865616 5
623689378 3
118573013 42
732526660 10
416287623 85
101737861 85
346577829 34
163767869 41
124270196 3
233880650 15
85827590 83
892126925 77
774781775 77
25250983 38
476146971 18
228431315 31
754104539 91
696936090 41
760003526 45
968528238 4
324196514 49
752407357 96
821072592 85
113338182 75
480035587 68
40306032 87
867160186 90
408089284 60
140631809 20
843622075 88
645204948 96
782871054 10
443862799 52
766870443 90
821953418 79
122255053 5
247525326 32
425249104 68
555500238 14
453453242 53
533376399 28
470603020 61
788694157 23
450013289 81
387235760 41
857666481 70
84664880 5
148554748 45
345475134 83
448748496 40
742443718 45
489417310 3
606820539 97
157720283 6
170248797 11
282155910 73
541725686 89
686472369 60
38635786 22
262985702 79
445553059 78
743702223 12
884686358 5
860174845 34
551169435 44
851376029 76
880496284 60
869488295 3
772252977 60
730471782 12
115294209 86
422045144 92
896112635 99
727561120 71
782186891 75
581141099 96
371230505 60
903618648 24
434749532 58
307387229 89
273210959 4
251809311 95
327016667 86
552268615 88
87614421 77
268636555 75
961303824 27
811724996 56
753646642 18
886662999 94
128819073 77
426806913 34
229778929 20
545648483 33
18856083 22
34522822 96
293919836 41
52706478 61
369540944 33
608790593 57
718441534 58
196266594 69
285862577 19
582500123 40
815980777 10
250133167 51
384383957 59
329658703 86
61129536 13
979018730 11
182883205 73
167290199 90
317688201 48
919648498 91
591630578 68
992693902 82
10407964 72
48954166 63
352476273 58
187015149 1
609501867 32
869061914 98
877749142 31
653248170 62
813961497 19
380434324 59
874169731 96
962333976 28
904805596 2
252119903 43
447577959 34
628093512 22
592284100 66
484881391 46
745358173 79
822065465 77
594214936 27
526804769 55
459105038 5
926371024 9
843748762 82
196059630 77
240356951 12
130892650 1
73482096 93
267533491 100
928364658 34
772193978 89
180120987 63
423664616 100
953703819 37
332785122 93
587043041 66
21535539 57
695545701 74
23664194 21
657124998 98
707790667 57
75690443 93
716290319 76
873675874 74
102740650 93
281874740 40
662959022 86
233431144 51
76050979 2
897271731 14
829759099 39
681406088 98
968179991 96
137503190 13
251864035 2
602763 70
37649901 21
150309227 32
10070566 69
166391568 7
393323671 32
746400628 60
113628053 99
997948194 77
46152170 29
715511459 89
630265482 7
161458572 12
548931085 61
829501967 53
802237810 2
606869442 37
299158323 67
770234486 13
274224637 50
170865504 90
67514328 64
544208183 42
768540709 9
630016462 59
87543645 66
413991984 4
90348169 10
135635149 40
942823231 99
412889071 2
524632128 43
555845530 33
663689584 51
177206723 88
869925530 41
988758225 82
794302940 70
518998659 62
738042396 94
121320723 13
860192708 78
286099673 53
965153165 42
127174986 12
544070597 71
967860458 87
494576100 42
661998302 17
882245073 15
321564290 64
533550039 5
751632350 31
87984418 67
223097048 53
291810551 65
684838041 100
760889481 36
525336083 8
17378323 5
61591730 35
835632384 8
565165059 90
751162592 33
20497973 29
83998476 21
979383704 83
77584495 65
615511629 2
496963133 66
81733344 17
965819283 58
710610863 76
790959421 52
38556083 44
61863923 23
531964961 86
959539752 76
174633267 69
234472498 52
260895726 1
938038501 39
518745479 5
420062458 91
128477662 39
211502220 48
469466610 35
342489909 55
310969537 15
125956231 8
516714982 30
313540763 49
160495253 89
184264557 30
929657647 59
514987836 38
935948461 7
263840895 65
119097418 4
467783871 21
373083382 65
699861978 69
638893911 67
294791441 37
565159679 32
838812276 30
484767537 93
871718421 57
697786670 36
40140293 38
24840001 74
155604752 39
615895830 23
489984330 41
360953048 26
699324637 61
468014143 50
525432420 51
388209890 21
88213151 27
386775472 89
815997613 44
602204705 10
797905915 86
321246077 7
10543670 29
819214325 66
347121977 79
921506289 1
442227770 81
57837307 45
125382897 18
347168013 31
766107514 76
419165588 62
976450158 57
363029204 21
70461844 65
66168670 17
917485897 19
151108151 95
952025271 82
343516363 51
356247299 81
156273061 17
286411466 64
711105027 76
3010972 100
699163061 42
500294111 10
239316522 37
917853975 91
324387201 89
451370467 35
969144922 29
600727839 27
377156601 98
912190505 72
120425463 49
42463036 93
409109407 36
856539106 20
623079317 8
499642744 89
394156139 99
679167487 50
671407312 56
140645296 19
61967846 39
965866325 21
365182990 87
117368320 43
964518327 4
797178533 74
773505901 81
731325666 44
202865598 98
862960737 32
905502443 83
570930759 86
50625893 25
120140049 46
674018035 35
103091925 68
10362663 47
537848467 33
177533128 44
752981806 80
267763326 2
204728800 2
678306323 34
462046275 78
879479943 4
162029140 10
164078678 61
730110929 45
460850111 97
827107937 96
64951480 2
421429261 14
426343126 93
798244722 98
925878302 91
32991621 6
278504803 73
734562214 38
347192052 34
6563249 28
12789601 84
717489650 56
99434907 45
901044812 19
990006508 18
181249328 5
2715262 2
67502165 42
674412862 69
676094298 23
129021004 70
113984364 27
949912009 52
180677584 78
918795712 100
427350247 50
626660347 11
394469800 21
215993958 1
498541956 35
840623941 56
69079013 91
943618175 75
612260906 57
338622013 60
296731906 38
519557323 26
611189648 87
170594004 21
999658554 87
772457817 68
990821761 28
131022324 56
788496938 100
730410194 98
259810783 37
84521764 77
4586908 35
476017517 65
367074060 70
828110049 55
168559427 35
494637856 4
899581740 27
216401961 55
331259378 49
959525594 22
294491965 31
626335280 81
492979226 98
506236818 58
214784665 54
925996077 42
139941604 27
95175949 60
237483146 46
754043877 61
569000368 47
394319821 88
498838837 62
615268409 43
982216138 64
173205957 91
114774478 84
910448921 33
960330062 32
198795370 41
96642066 55
893071983 97
178378937 65
751090063 18
546842047 53
320094523 24
554316345 28
568830550 56
161601279 26
12529605 4
79780750 70
874318383 59
72705674 12
316136351 11
521607948 43
875173990 28
332523657 62
432223085 66
63716325 76
929632429 35
485244190 12
71177627 70
787353004 35
671184449 69
4535938 78
220352121 75
896721440 34
294718931 84
727505695 15
606177459 55
288079502 70
57619386 4
472582330 57
725793124 62
248058041 34
830127034 98
493175497 86
748576986 67
518604299 45
990153468 27
920693401 31
484562436 13
875954915 83
226982034 67
11209631 98
578952082 88
881064628 5
581031216 75
484146283 74
454705544 61
814049491 79
792821997 63
269309292 66
567614545 52
916071718 49
537880876 1
52755156 70
122720186 64
811911760 84
441708876 58
604542803 94
56931871 38
853899075 78
625474145 45
47830318 42
647893541 22
393920052 89
60477795 30
717394053 14
533825023 9
227609057 79
484385021 92
223929968 16
72997821 42
769018808 80
66071542 32
323661577 99
529312982 50
467916240 71
720738403 49
6602967 98
989058850 23
19079285 88
458347164 72
967761085 81
257902018 76
860080080 57
938639589 91
99433733 47
124547117 48
169695213 41
674593343 99
735813283 78
422330999 78
399070429 95
847833560 72
143723554 66
177205825 96
492694562 14
45809219 72
956809459 17
765355454 25
463489597 65
434950757 8
84066192 55
347694337 74
813071458 34
371053860 14
30865949 70
416606387 76
402048259 56
158896556 82
612011473 72
970302083 38
211513072 52
965145738 53
680276115 21
727807114 99
605737718 33
778969767 24
794216777 49
478935419 60
257479126 74
533285048 41
103266316 89
254500037 22
346743400 62
147087136 76
702433473 88
180328876 73
148261407 73
88232385 21
324721041 56
125101745 68
734362815 62
485301402 98
770871500 19
406967706 42
192346743 40
62591306 96
251855646 9
33780804 19
277904843 85
286348173 88
418529999 47
804420523 31
30253572 12
97953363 85
132701382 87
506769464 27
811332755 29