783
98533139 50
750122295 80
134122072 67
127841196 83
500339014 80
832472790 91
425562143 69
362861873 39
326602857 91
785343722 61
906980610 71
551397996 81
519653017 69
95412066 35
684892766 76
959104677 17
914267487 97
144301179 57
840115002 15
501451384 69
22984111 25
374460486 12
539830742 21
856153381 32
249658262 72
115242563 81
705049269 93
942307171 97
161399050 52
89831665 97
694394053 36
123615443 52
677171645 56
906599524 66
892215688 11
533871685 16
816414849 62
756563239 68
718013188 21
584858928 19
516855351 44
523470045 25
965653519 44
842058593 58
416181041 67
798038323 55
797541734 38
882480834 81
202504745 30
247690202 41
362599534 64
768253426 78
1522253 41
679209736 50
768076228 83
446977109 2
248828793 50
207772439 22
528841212 42
480525696 23
361295702 46
265532314 52
451348497 74
508671734 67
978389687 76
531062648 81
26571784 62
41587886 44
391216494 6
20076761 22
213864226 29
960279295 25
912924850 78
118257542 68
180030348 48
817634215 76
673352914 94
101096812 56
477809018 99
189818925 1
429805135 60
32906208 27
592192353 63
934665974 45
231946364 58
125817685 36
212511687 59
3745394 98
108220091 88
680151021 38
648753849 12
36022899 25
667701817 4
760538556 34
141819287 20
338661394 90
926858625 36
128081375 12
457043736 56
995492983 17
677321259 76
888890324 6
268802646 27
10815377 72
238655417 46
598073058 6
584400830 77
377838154 89
8209212 11
941381368 59
507509034 85
305577538 57
911096464 9
454055834 73
351832934 41
383553516 51
476329271 84
152925723 5
187838158 67
355753190 52
79023647 8
390175121 17
817140435 14
646511948 28
833203183 2
636375683 36
368801001 46
664372792 45
419939425 91
966722469 55
693492344 50
894509188 44
735770933 48
709816718 20
78030018 85
600671537 13
855832898 12
5743170 36
507235898 90
26844690 51
657364920 57
528376876 35
123248992 99
460220400 45
948027943 24
784379561 72
569719148 3
338788496 30
42495121 1
698491647 15
695901981 66
105419345 87
769022433 25
83636039 43
779525851 18
66918537 71
254076979 48
810484968 25
284794071 26
302103723 84
448834391 1
199689525 15
971143792 61
89236037 85
512217270 32
266880249 36
966483798 1
210726817 52
930384078 15
343560732 58
591013607 23
915990885 24
559252576 56
441043745 32
700815480 96
150362071 56
727308165 31
95679400 60
379584765 8
71454993 50
52404956 76
962943033 5
100943313 53
229703157 57
441218146 71
615531048 39
609497643 15
617712678 64
550746723 89
343963968 44
169388506 98
251668337 26
459080811 76
284264066 17
412196552 97
294845900 31
288242118 61
924745954 70
187244963 88
540107820 26
742076664 64
188469629 64
171175663 35
558051693 28
5732505 86
449292065 3
974107902 77
803565125 13
386263818 52
610154213 36
487222131 29
227478625 9
419059480 65
832476201 75
396680736 38
109469418 33
771007012 66
280857907 18
629987818 94
17138186 14
107129445 9
296459005 65
636215857 88
309004182 46
687468251 64
844125103 20
1003805 95
705380418 18
729297384 82
551296438 94
505958183 69
189016732 67
666593501 3
289915997 26
564358808 31
423508923 18
15925711 12
329868316 31
859099421 6
646589952 17
814022468 40
426134583 51
792458484 96
271003450 89
661457741 85
9959537 95
73981483 15
188127172 3
68972930 15
577316026 2
894554852 43
360860878 48
340399045 71
286363212 14
993422181 89
302244680 12
927845838 74
507240539 55
804321280 68
956043524 92
335999536 79
20178636 22
994211126 92
605450210 30
565315752 38
479317733 66
106318243 13
218552563 32
603403691 26
749042832 83
403702780 81
574037840 60
53987358 73
759549022 56
827763031 45
105566893 21
272330801 9
867704807 85
358370944 68
139388276 44
732245815 23
344015480 78
726764073 99
207849868 24
500114772 79
434519083 94
182132251 17
682504374 57
700012007 98
107695726 87
71477404 40
452767943 15
907485629 87
453626623 74
627387625 8
294249136 44
353912487 58
322766774 75
830676196 15
880064962 14
116261688 30
726360688 89
302412876 95
966929241 86
597666727 12
812793186 95
730283637 23
583907287 50
247691967 29
659797487 47
17330705 93
977527565 69
768683131 7
619888243 31
40248633 52
813070778 42
356268493 39
498564629 16
825151790 82
270324176 92
487218217 51
302178909 82
724157354 56
322614070 24
643745448 15
592138170 25
345261963 67
187710694 12
323298566 70
731892608 98
448232412 81
271932497 84
455089895 31
967341000 3
243019782 89
329138847 1
939982811 38
348981151 9
701886793 72
374777635 98
439680726 96
142918173 99
819432313 56
700328968 51
886294995 18
276571805 65
926928673 9
43639656 27
407116081 77
269095056 37
999077421 21
834030497 65
497878070 22
202002441 62
776197456 43
884445608 83
984640539 70
497016692 59
744411901 12
429732808 77
422352106 84
589125860 51
512787895 47
764844665 9
209576595 81
776150538 10
646134889 82
747767192 30
312066670 79
945722854 5
459181913 1
918038318 54
286117606 53
312070561 17
660756763 87
436206542 4
884797585 85
686992652 58
457831572 40
97873741 36
569521612 54
366698473 33
551825048 70
99669959 7
878108806 47
877483504 93
493693698 53
881903414 29
999593830 59
542113963 16
424298996 11
99495394 23
301845447 12
370259436 83
983487091 39
212700233 99
336770133 98
400117027 4
866326936 10
965157644 96
659630001 57
69760522 63
155676029 45
121767562 93
338125242 4
701041784 44
834193174 63
704430434 74
43382503 62
466965206 50
165224248 5
939240618 2
765957026 98
28703307 63
600570016 14
170448023 55
749600726 31
677712047 3
803771986 55
93753294 75
87961961 14
411069426 33
184452990 40
705502931 56
115246605 62
60792037 58
661049693 35
533354242 44
258610278 43
805895192 11
203647534 19
579367566 88
196220000 50
166118726 12
13886979 21
335932297 39
669302346 55
187788851 16
711116135 70
567133753 38
181370557 64
170374549 34
712281260 90
211631286 89
168794825 82
628945140 54
804911528 99
511550047 40
772253152 43
270645781 85
371503486 64
575489136 11
350260397 73
420643007 55
339505949 7
45802144 98
689001069 78
759677238 70
620032681 93
761034466 11
317409922 75
801474058 40
170545730 9
520058733 26
821862851 56
484842246 37
505587552 34
159823727 20
919217311 31
253763764 1
729412301 88
846736691 97
867131590 16
88411537 3
661002339 2
672367536 94
252615480 70
646748110 7
110256657 70
245804634 92
485728307 73
928902059 57
638404640 7
215448711 38
501532776 92
669555091 18
258922763 96
606067316 36
20949180 33
83435734 42
89365059 48
271119438 50
793253948 96
867081112 30
791819436 46
60835757 37
958233751 84
618534214 74
501073648 7
229919296 8
602442792 49
379622105 11
677507840 36
116983007 41
376637193 42
270060169 25
271608407 26
758256159 76
155874713 14
853068616 92
781285241 36
567180491 67
372818033 4
635706414 75
306802495 83
675169727 45
843461883 47
778025294 26
551680389 19
573207905 98
863896687 57
739766526 51
965220649 34
201925022 54
512369999 82
950419025 74
117415002 62
381701209 72
344465365 33
255938303 57
658642641 20
488440943 5
434304043 72
807747009 43
874087294 73
750833529 35
252594294 46
756141995 50
632468760 60
53315030 98
488872870 71
728161047 100
189643149 32
251748459 44
107233742 9
75368276 20
943058598 46
404820411 75
938021777 65
508812345 10
971691488 29
191303835 44
602202204 70
853328264 36
207063391 71
24623571 93
290056475 40
880007270 26
170308202 17
678225456 43
790299459 33
415252962 12
119332996 11
951146947 3
287470052 66
908465249 49
750408432 79
561168527 62
949563642 30
31781502 76
528260540 46
796810966 97
930375528 65
197066447 72
566273386 19
118105800 49
895435275 15
835905034 11
556947820 51
68311456 21
905567663 49
269383661 5
97313118 17
549450940 86
360436039 6
814756900 70
624330131 62
44748263 41
866922260 46
618731201 11
437515876 16
426285600 9
923939064 28
261924692 45
619484035 77
937253291 73
720940913 94
998931211 94
859526683 72
638054751 35
448442685 45
870346969 66
767475201 17
214154725 13
671504936 8
678411517 57
486265656 18
750215700 33
936924347 15
972947080 50
760156179 66
965552742 72
636849392 91
495832387 34
392703689 75
759910127 40
790730169 88
19889076 77
591248925 4
975988516 22
827128886 27
780158435 50
135222429 14
963066123 14
3364056 76
643927530 96
70307217 89
87750811 7
280586531 99
867191943 30
66012899 62
565308441 43
695640311 5
395935982 33
469593650 32
889336961 75
451751898 75
838218275 34
119716074 86
206394862 52
554220054 48
743557557 35
876026022 31
605966574 40
126278356 2
323546247 66
272964892 57
529296160 99
750378282 82
807912830 12
200393783 27
598538218 1
201624554 86
403561212 89
986393783 58
190516146 58
272106716 3
804900593 23
352092148 80
764291961 65
214744489 9
324343246 94
754558951 9
116128453 43
961272227 49
65346982 41
948517455 31
405147841 69
15607332 28
377411291 70
994713310 82
186109978 68
282705323 72
971759099 29
202022133 50
742005172 70
850010587 21
44939750 69
296377234 63
869884686 87
165482667 11
294967779 25
823445953 7
481505716 64
700473732 55
308052701 34
905056426 81
255736271 29
799003146 64
973152921 49
48839079 83
38601124 83
131527848 26
605088174 8
724105590 52
581373426 78
965220750 6
697715557 57
795449489 29
878574071 85
393723978 26
550394293 43
843529440 86
15875812 41
621734080 30
93408236 88
734328017 71
894155367 10
864174261 11
508444529 65
451143046 84
51714690 15
511471385 30
978960132 12
105156336 43
901930200 94
295019979 98
952672479 24
222192175 63
250555567 47
640194066 40
862966284 94
353400178 36
550438346 35
428853102 51
665700897 4
298528964 78
547083245 83
122678495 33
445151606 82
295015499 74
412230975 84
184120745 78
24670816 67
897554969 79
791880034 70
719013100 67
59418006 10
911383433 96
432494260 68
269178026 5
770158839 61
899435609 12
878091272 11
946305982 72
547074996 7
602696404 63
45732694 20
61372314 15
184123456 97
108330266 53
799672899 80
345652449 6
129713111 79
147239475 18
866822148 50
600549722 17
8153172 23
890895775 74
140741426 18
366933414 33
306626236 60
398320804 24
288668992 25
211476569 73
445799526 25
988739942 8
327084142 12
959780603 65
205605055 78
297538970 10
334472771 75
774688246 89
555642760 42
23169248 78
665287914 45
146103019 5
42971443 86
753643165 15
224448523 100
895595736 66
54717388 16
696476411 59