1000
1000000000 100
7 100
1000000000 1
954350880 90
999999999 100
2 100
1000000000 1
909063334 100
999999999 100
4 100
1000000000 1
595561457 62
999999999 100
2 100
1000000000 1
918635256 77
999999999 100
5 100
1000000000 1
704342461 78
999999999 100
6 100
1000000000 1
684155267 60
999999999 100
7 100
1000000000 1
848392400 54
999999999 100
5 100
1000000000 1
751038239 82
999999999 100
2 100
1000000000 1
779011952 87
999999999 100
8 100
1000000000 1
645026770 55
999999999 100
6 100
1000000000 1
589823943 76
999999999 100
9 100
1000000000 1
797385334 99
999999999 100
2 100
1000000000 1
896498214 81
999999999 100
5 100
1000000000 1
694087041 75
999999999 100
1 100
1000000000 1
705469803 97
999999999 100
7 100
1000000000 1
655195398 62
999999999 100
7 100
1000000000 1
585230306 91
999999999 100
7 100
1000000000 1
961095763 85
999999999 100
4 100
1000000000 1
974490087 73
999999999 100
3 100
1000000000 1
863876342 71
999999999 100
5 100
1000000000 1
708435142 91
999999999 100
5 100
1000000000 1
970797861 89
999999999 100
8 100
1000000000 1
642857469 93
999999999 100
1 100
1000000000 1
717862162 81
999999999 100
8 100
1000000000 1
763706622 100
999999999 100
3 100
1000000000 1
573703564 80
999999999 100
2 100
1000000000 1
966753416 94
999999999 100
2 100
1000000000 1
615162835 97
999999999 100
1 100
1000000000 1
586877913 79
999999999 100
6 100
1000000000 1
694940162 77
999999999 100
5 100
1000000000 1
852529059 62
999999999 100
6 100
1000000000 1
709587296 76
999999999 100
5 100
1000000000 1
600841372 66
999999999 100
3 100
1000000000 1
799247257 89
999999999 100
6 100
1000000000 1
960264999 83
999999999 100
6 100
1000000000 1
696947112 77
999999999 100
7 100
1000000000 1
821785213 66
999999999 100
2 100
1000000000 1
645650161 58
999999999 100
8 100
1000000000 1
625642924 77
999999999 100
6 100
1000000000 1
789653365 61
999999999 100
6 100
1000000000 1
608481074 56
999999999 100
9 100
1000000000 1
625845005 68
999999999 100
1 100
1000000000 1
762815142 82
999999999 100
1 100
1000000000 1
674264988 78
999999999 100
7 100
1000000000 1
996938598 69
999999999 100
1 100
1000000000 1
653734760 77
999999999 100
8 100
1000000000 1
831002136 55
999999999 100
5 100
1000000000 1
778000280 63
999999999 100
1 100
1000000000 1
679975345 81
999999999 100
5 100
1000000000 1
531619315 52
999999999 100
2 100
1000000000 1
641471147 54
999999999 100
8 100
1000000000 1
661852799 75
999999999 100
8 100
1000000000 1
824572722 62
999999999 100
4 100
1000000000 1
566430931 58
999999999 100
4 100
1000000000 1
969142048 99
999999999 100
2 100
1000000000 1
617064774 62
999999999 100
1 100
1000000000 1
706694992 63
999999999 100
6 100
1000000000 1
826151701 95
999999999 100
9 100
1000000000 1
798987824 58
999999999 100
8 100
1000000000 1
538850949 57
999999999 100
6 100
1000000000 1
920625225 72
999999999 100
9 100
1000000000 1
644205759 64
999999999 100
8 100
1000000000 1
598576394 94
999999999 100
5 100
1000000000 1
874743803 90
999999999 100
4 100
1000000000 1
552143774 67
999999999 100
6 100
1000000000 1
669503915 100
999999999 100
1 100
1000000000 1
674794553 91
999999999 100
4 100
1000000000 1
971657501 90
999999999 100
2 100
1000000000 1
866814819 88
999999999 100
5 100
1000000000 1
625305449 73
999999999 100
3 100
1000000000 1
850692601 92
999999999 100
9 100
1000000000 1
618037172 68
999999999 100
2 100
1000000000 1
669579907 69
999999999 100
1 100
1000000000 1
805242149 53
999999999 100
3 100
1000000000 1
744987214 74
999999999 100
2 100
1000000000 1
749682570 75
999999999 100
9 100
1000000000 1
850790334 94
999999999 100
5 100
1000000000 1
567764564 86
999999999 100
7 100
1000000000 1
624338975 56
999999999 100
7 100
1000000000 1
714377500 74
999999999 100
3 100
1000000000 1
839915340 56
999999999 100
1 100
1000000000 1
676669909 95
999999999 100
9 100
1000000000 1
665894620 52
999999999 100
6 100
1000000000 1
968373966 88
999999999 100
2 100
1000000000 1
576514897 71
999999999 100
2 100
1000000000 1
983866789 99
999999999 100
3 100
1000000000 1
825611154 87
999999999 100
6 100
1000000000 1
554477475 59
999999999 100
3 100
1000000000 1
938188619 72
999999999 100
5 100
1000000000 1
759447376 95
999999999 100
8 100
1000000000 1
898862758 69
999999999 100
9 100
1000000000 1
550526023 83
999999999 100
4 100
1000000000 1
778189232 72
999999999 100
2 100
1000000000 1
610839236 59
999999999 100
5 100
1000000000 1
766563999 87
999999999 100
2 100
1000000000 1
815109219 54
999999999 100
4 100
1000000000 1
987413179 74
999999999 100
4 100
1000000000 1
611714393 73
999999999 100
9 100
1000000000 1
661983446 51
999999999 100
2 100
1000000000 1
603106033 50
999999999 100
8 100
1000000000 1
947339441 80
999999999 100
2 100
1000000000 1
849111684 80
999999999 100
6 100
1000000000 1
704274939 97
999999999 100
8 100
1000000000 1
561224213 100
999999999 100
8 100
1000000000 1
719443573 91
999999999 100
1 100
1000000000 1
848624335 62
999999999 100
5 100
1000000000 1
808887847 52
999999999 100
2 100
1000000000 1
819024210 74
999999999 100
7 100
1000000000 1
983432952 82
999999999 100
5 100
1000000000 1
875447457 55
999999999 100
5 100
1000000000 1
520418733 69
999999999 100
6 100
1000000000 1
736006752 81
999999999 100
5 100
1000000000 1
812688190 63
999999999 100
5 100
1000000000 1
840777615 77
999999999 100
1 100
1000000000 1
570744077 93
999999999 100
6 100
1000000000 1
631338732 82
999999999 100
2 100
1000000000 1
553005957 98
999999999 100
5 100
1000000000 1
506880804 76
999999999 100
6 100
1000000000 1
624346635 73
999999999 100
4 100
1000000000 1
988709880 74
999999999 100
4 100
1000000000 1
982935354 66
999999999 100
8 100
1000000000 1
871401974 82
999999999 100
2 100
1000000000 1
999074963 85
999999999 100
8 100
1000000000 1
963623582 85
999999999 100
4 100
1000000000 1
910907331 67
999999999 100
4 100
1000000000 1
827959369 89
999999999 100
1 100
1000000000 1
868385604 52
999999999 100
5 100
1000000000 1
733145103 73
999999999 100
2 100
1000000000 1
716677769 50
999999999 100
8 100
1000000000 1
644993046 51
999999999 100
4 100
1000000000 1
509093652 83
999999999 100
1 100
1000000000 1
967713888 87
999999999 100
9 100
1000000000 1
945508254 52
999999999 100
4 100
1000000000 1
534077580 91
999999999 100
5 100
1000000000 1
576501489 95
999999999 100
1 100
1000000000 1
622037587 87
999999999 100
8 100
1000000000 1
830857548 70
999999999 100
5 100
1000000000 1
502263010 59
999999999 100
8 100
1000000000 1
879784445 71
999999999 100
1 100
1000000000 1
990678317 57
999999999 100
4 100
1000000000 1
825409917 67
999999999 100
9 100
1000000000 1
711902114 56
999999999 100
3 100
1000000000 1
922412127 81
999999999 100
2 100
1000000000 1
934073014 68
999999999 100
3 100
1000000000 1
646350667 67
999999999 100
4 100
1000000000 1
775860249 97
999999999 100
3 100
1000000000 1
894513363 94
999999999 100
7 100
1000000000 1
803449489 57
999999999 100
7 100
1000000000 1
704466201 50
999999999 100
2 100
1000000000 1
580852294 51
999999999 100
7 100
1000000000 1
679082321 89
999999999 100
1 100
1000000000 1
805308319 73
999999999 100
8 100
1000000000 1
908588177 55
999999999 100
2 100
1000000000 1
763542918 79
999999999 100
4 100
1000000000 1
579358480 51
999999999 100
2 100
1000000000 1
930431190 74
999999999 100
4 100
1000000000 1
852805921 98
999999999 100
5 100
1000000000 1
562659527 55
999999999 100
1 100
1000000000 1
846999615 95
999999999 100
7 100
1000000000 1
981670868 100
999999999 100
9 100
1000000000 1
505323384 54
999999999 100
2 100
1000000000 1
893456032 66
999999999 100
8 100
1000000000 1
913096440 71
999999999 100
7 100
1000000000 1
976181355 76
999999999 100
3 100
1000000000 1
736522767 83
999999999 100
8 100
1000000000 1
981235811 70
999999999 100
1 100
1000000000 1
827255780 50
999999999 100
7 100
1000000000 1
557113722 98
999999999 100
8 100
1000000000 1
774724082 70
999999999 100
5 100
1000000000 1
517858875 76
999999999 100
3 100
1000000000 1
905260041 57
999999999 100
3 100
1000000000 1
503580220 65
999999999 100
4 100
1000000000 1
740211035 50
999999999 100
3 100
1000000000 1
511232372 79
999999999 100
3 100
1000000000 1
853627584 58
999999999 100
6 100
1000000000 1
695965031 78
999999999 100
3 100
1000000000 1
878435175 84
999999999 100
6 100
1000000000 1
820582102 63
999999999 100
8 100
1000000000 1
579719946 73
999999999 100
9 100
1000000000 1
772156687 79
999999999 100
1 100
1000000000 1
752955799 83
999999999 100
5 100
1000000000 1
692411598 96
999999999 100
5 100
1000000000 1
922922901 69
999999999 100
1 100
1000000000 1
998076014 84
999999999 100
4 100
1000000000 1
839063370 70
999999999 100
7 100
1000000000 1
825696950 96
999999999 100
3 100
1000000000 1
571044754 97
999999999 100
5 100
1000000000 1
896714207 87
999999999 100
9 100
1000000000 1
561585389 80
999999999 100
5 100
1000000000 1
887636331 97
999999999 100
9 100
1000000000 1
790048414 86
999999999 100
6 100
1000000000 1
637785747 62
999999999 100
1 100
1000000000 1
721356295 55
999999999 100
8 100
1000000000 1
858617736 57
999999999 100
9 100
1000000000 1
619363336 82
999999999 100
9 100
1000000000 1
899910244 91
999999999 100
3 100
1000000000 1
760136526 70
999999999 100
5 100
1000000000 1
577664506 64
999999999 100
9 100
1000000000 1
693365813 75
999999999 100
5 100
1000000000 1
666237710 61
999999999 100
3 100
1000000000 1
551791375 93
999999999 100
8 100
1000000000 1
596713341 96
999999999 100
3 100
1000000000 1
949495304 97
999999999 100
9 100
1000000000 1
644034114 62
999999999 100
3 100
1000000000 1
670293199 80
999999999 100
8 100
1000000000 1
560138257 87
999999999 100
3 100
1000000000 1
550103195 74
999999999 100
4 100
1000000000 1
751640146 62
999999999 100
6 100
1000000000 1
929061565 54
999999999 100
2 100
1000000000 1
862651351 51
999999999 100
5 100
1000000000 1
537132402 69
999999999 100
4 100
1000000000 1
935085367 55
999999999 100
8 100
1000000000 1
986026051 81
999999999 100
3 100
1000000000 1
618721410 70
999999999 100
7 100
1000000000 1
970534778 92
999999999 100
9 100
1000000000 1
598305257 97
999999999 100
5 100
1000000000 1
816889840 66
999999999 100
1 100
1000000000 1
605203807 85
999999999 100
4 100
1000000000 1
800374922 58
999999999 100
9 100
1000000000 1
964457924 85
999999999 100
8 100
1000000000 1
665713098 66
999999999 100
5 100
1000000000 1
812651282 100
999999999 100
5 100
1000000000 1
721172252 100
999999999 100
8 100
1000000000 1
648441724 67
999999999 100
8 100
1000000000 1
820002814 69
999999999 100
5 100
1000000000 1
959873966 82
999999999 100
6 100
1000000000 1
874850305 65
999999999 100
5 100
1000000000 1
735533982 54
999999999 100
1 100
1000000000 1
967720065 90
999999999 100
6 100
1000000000 1
928188131 67
999999999 100
1 100
1000000000 1
771367450 82
999999999 100
8 100
1000000000 1
715764820 95
999999999 100
8 100
1000000000 1
736488043 54
999999999 100
9 100
1000000000 1
976920367 55
999999999 100
8 100
1000000000 1
954812404 71
999999999 100
1 100
1000000000 1
724293020 71
999999999 100
9 100
1000000000 1
934948465 95
999999999 100
5 100
1000000000 1
528342168 81
999999999 100
9 100
1000000000 1
657637119 52
999999999 100
5 100
1000000000 1
954907351 82
999999999 100
5 100
1000000000 1
894419701 86
999999999 100
7 100
1000000000 1
585807551 97
999999999 100
7 100
1000000000 1
915338180 100
999999999 100
6 100
1000000000 1
994254085 79
999999999 100
4 100
1000000000 1
932405716 64
999999999 100
7 100
1000000000 1
774210385 73
999999999 100
5 100
1000000000 1
533903108 82
999999999 100
5 100
1000000000 1
822537046 52
999999999 100
6 100
1000000000 1
766007263 58
999999999 100
4 100
1000000000 1
741547847 76